3.847023724564416214e-02
4.586181428539315985e-01
6.485165598729064618e-01
1.269728480925586545e-01
1.515582113951018974e-02
3.052272107209462199e-03
4.909347258828966447e-15
5.881722691107266199e-01
1.437158667045887184e-01
2.221437300205075360e-03
4.825235030460970319e-03
1.530221444505157347e-01
4.410434356261914361e-04
2.507951578743055632e-01
6.871210149707135962e-06
5.985652172788880065e-02
1.561910766185521937e-01
6.519506697087368297e-01
2.461539570642021502e-01
3.054997756098295700e-02
1.039273186291712198e-02
4.176900749592787898e-02
6.210880032495417202e-01
5.630850877019297762e-01
9.785563364494014038e-02
1.862427798954125469e-01
9.089878452428576828e-04
2.953370124563904284e-02
2.773450770660639692e-02
1.667504026130304240e-01
2.350720229298249378e-02
2.060245444910440149e-01
5.140496735528710115e-02
1.509710413653074790e-01
7.692797356350278282e-02
3.506078998286223380e-01
5.036792528327312113e-02
9.633268147294775652e-01
3.854230655163828345e-01
9.807505629589936824e-02
1.784282111595651421e-01
9.371051879102084703e-01
2.315012776054716226e-01
1.135661930608824893e-01
1.191976861887974926e-06
5.941055646764430848e-02
4.426530144107576059e-01
7.138186779963831552e-02
6.138028084876687163e-02
6.344876439933639922e-01
8.145975723731955220e-01
5.227970612519977633e-01
6.070236453599936466e-01
9.139567220113280488e-01
7.768343758969706858e-01
9.938622845733319222e-01
5.969980577429058188e-01
5.604222511841701060e-01
8.856354197998236311e-01
9.127348867817554057e-01
9.616746502781314820e-01
8.744716876055915744e-01
3.452494415354945279e-01
9.902068678996915896e-01
9.349750830406553526e-01
9.729050662057872056e-01
9.460575050311045286e-01
7.606314139881410474e-01
8.000558167860757353e-01
9.410787813010048630e-01
9.953075884702342613e-01
6.920281683081492830e-01
9.081418265093974540e-01
8.714818190728800262e-01
9.475942470223716052e-01
9.375424731197011807e-01
9.908185412779371148e-01
9.263747636071615332e-01
9.895570191815978855e-01
6.040183144683951566e-01
3.051399884504760185e-01
9.946710424822889918e-01
9.009613362722930230e-01
9.867441368237225285e-01
9.012301276875323008e-01
9.656321404095665750e-01
9.693302021129860391e-01
9.135680378546332525e-01
9.356113024874179729e-01
8.652346337417964328e-01
5.955460078088168352e-01
8.233140875810898152e-01
7.916148187307066042e-01
8.243916471427358283e-01
9.214254091554986426e-01
9.422209250135740177e-01
9.649026350028632182e-01
9.255632972428581295e-01
9.461846561210358608e-01
8.293872866124603060e-01
