1.345261018606089482e-03
2.809525852807134294e-01
3.191758482044668860e-02
2.334369858953827884e-02
7.163057820946677409e-03
1.008327040021769344e-01
2.218959904519077903e-02
1.790954556504377069e-03
2.410848377803974027e-02
5.553494668204146667e-02
1.070115241975563023e-03
1.035103648725129305e-01
1.586099342664360271e-02
8.475854782878574148e-03
3.900595463550874200e-04
5.536190810645965632e-01
2.309648971230007786e-01
1.434390480918481647e-04
3.232767431413098580e-02
2.743299401438959936e-02
4.316281919368771675e-02
7.125340333806948201e-04
4.442498786903539311e-03
1.166470527369565559e-02
1.968294486068180305e-01
2.117654527942102738e-01
3.084605086318472078e-01
4.996352672026277975e-01
8.838479857912963367e-02
1.806159738101938486e-02
5.817443891608559819e-02
9.322244481141698236e-01
9.088465402390843995e-01
1.184552661931459611e-01
2.211412083149062041e-02
1.863738778993900402e-03
9.106357404182604739e-03
5.948833111052896638e-03
7.974686856481913097e-03
1.828373357752424433e-01
2.899327587866282890e-02
1.527045938783271701e-03
8.218927310945675635e-02
5.864564338809939714e-02
3.938580547510007503e-03
2.705464203533887169e-01
1.777602042774642233e-01
1.380299997171557241e-02
2.354079522815676789e-04
1.829586177426331672e-02
9.849039847561155137e-01
9.892535599316478745e-01
9.967745810240553617e-01
5.915429727123038273e-01
7.369979919947992064e-01
4.911358668634469016e-01
6.550490414512136206e-02
5.648508785963783918e-01
9.937047096725366568e-01
9.990880164674728059e-01
7.680310066132602920e-01
9.985995496920915260e-01
9.458781673637174370e-01
8.735717244294600725e-01
2.200671162999901787e-01
9.946606101594505089e-01
9.215890447583148237e-01
9.977110308239248715e-01
9.945679489669071449e-01
4.131849858129560960e-01
9.898966098267091285e-01
9.967219161214702083e-01
9.998249371625789195e-01
9.881765113239272535e-01
7.612642316321778235e-01
7.598659282980507745e-01
9.959116403489887137e-01
9.904456888639011636e-01
9.608702972441264256e-01
9.297029113399565281e-01
2.295480358749369953e-01
9.664733397141835880e-01
6.908506232179335571e-01
8.981950981439291715e-01
9.992210500280838126e-01
9.942491947615279546e-01
9.442409806595566391e-01
9.945723991740106351e-01
9.905588901508273203e-01
7.281471308049171087e-01
9.398187477668865641e-01
9.429751568374850068e-01
4.354567969794377325e-01
9.994614705987161507e-01
9.435173125299964880e-01
8.902726175446855628e-01
9.869587545513984761e-01
9.954498464177438111e-01
9.996325110530533964e-01
9.369800885471959440e-01
