1.253902467202035024e-05
1.013502010800606395e-05
3.742160215501618131e-07
1.496864885674097205e-06
8.783922785402964071e-05
2.132528642342934339e-05
3.530941456852865114e-03
4.303587607306728555e-03
2.319019877654059688e-04
2.208816184061450638e-01
6.531725561372934573e-05
4.273181587982764935e-03
1.564823389125890056e-03
7.458205095203754166e-07
5.942473480378613823e-03
3.968540469376389754e-03
4.787249864672737422e-03
3.426271067685002615e-04
9.881955743394849057e-01
3.011243906514661228e-01
1.628163386384282334e-04
4.772375726297201637e-01
4.395982577163564664e-01
9.783475131800107436e-06
1.528050495919183738e-02
1.705082345078207698e-05
1.610509473325439159e-03
8.203075091282610032e-01
2.760908393617249757e-04
2.228571951118600852e-06
1.311218352889171983e-02
8.554573977027767340e-01
1.261746240393176724e-03
3.165951852825741184e-09
3.878673792541894867e-04
9.871472107160590356e-03
4.775488671331398066e-03
9.933550623428365478e-01
6.155669990237343053e-07
6.741784895356169232e-06
5.827725300304557876e-04
3.835217856230817231e-07
1.688711064213768531e-08
3.755782358364431625e-05
5.171381306146954904e-02
1.153076562308682313e-03
1.800636318892408563e-04
1.102033237804818273e-06
9.307836345898441787e-07
3.154831808125149999e-05
1.455365469119798531e-04
5.552509382858313873e-06
3.476737241186533752e-05
7.730216586102341844e-06
1.257337611774210148e-03
1.132196312313965788e-06
3.457710524668367361e-04
2.306110737247451126e-03
5.440908081870504676e-03
7.223623558796230838e-03
1.638496821231580163e-04
5.657541377708614107e-07
9.992458985182715026e-01
9.999674613487518071e-01
9.997575518291037522e-01
9.998473311893936177e-01
9.946385253329989018e-01
9.995144813498370029e-01
9.957889205882572980e-01
9.998719121763792739e-01
4.272346211449085662e-01
9.581037074803572251e-01
9.580865071805518829e-01
9.969327993914735009e-01
7.103458084192557642e-01
8.850248026519377254e-01
9.993887366270611805e-01
9.539667266660071254e-01
9.263457292652910180e-01
9.983932975589960845e-01
9.458089826817275281e-01
9.934344993936098378e-01
9.993289914539393859e-01
9.988730219781328801e-01
9.998816515086859091e-01
9.691096866164431445e-01
9.403690449810385710e-01
8.919972385643379909e-01
9.999222525682632812e-01
9.965117594050297845e-01
9.979644753704595139e-01
9.929645256004979714e-01
9.810632554993096166e-01
9.985753326529843710e-01
9.920583169384546984e-01
9.919745501581478386e-01
9.788424643014448367e-01
9.973256329204641668e-01
9.957647931603957892e-01
7.305174105314663491e-01
9.994041024614166435e-01
9.430350612780850073e-01
8.092534348436819513e-01
9.998923974360562905e-01
9.759742591742905926e-01
9.969337185433506665e-01
8.656961574696077077e-01
9.981508279013976415e-01
9.891338872677426508e-01
9.949527222846862307e-01
8.166502279696824518e-01
9.897118362760478627e-01
9.980782572925946949e-01
8.891290354213581271e-01
9.798821557700128082e-01
9.871318012144981724e-01
9.975394882698307431e-01
9.993126753989637345e-01
9.993409694657684472e-01
8.997410155705095613e-01
5.666252352169460771e-01
9.010537514136819359e-01
9.724970824842231742e-01
9.966773075002187676e-01
