2.560903241417187073e-02
2.447999260950810187e-04
2.422302145843887406e-04
8.995467333429674976e-04
7.971674397377509795e-04
5.152204783148399934e-03
1.055605839488133347e-03
1.362066996248981499e-06
3.910441726834443070e-03
8.894892054426631876e-05
3.941169145847830350e-04
4.176634109461004204e-04
5.967582145855729108e-04
8.165163260106430556e-04
5.822340423930127479e-05
7.422372666335957936e-02
3.299641311075509774e-05
2.764540504608968335e-04
1.842382681869682076e-03
1.878727817444749462e-05
2.473368549645892832e-05
4.776601116529753839e-03
1.086276334935285838e-03
1.572902331045988736e-03
4.612684888176721703e-06
9.875766757378082438e-06
1.439145905400478567e-04
1.562175960574827688e-02
3.160636836766259452e-05
7.041521846273711416e-02
1.048823731602150982e-03
2.604799083883071518e-05
3.968860189485439375e-06
4.835484455255419138e-05
1.125223819505228803e-02
7.161813100373600220e-04
8.569649841068610954e-03
1.295779964109693150e-02
6.487362330031766391e-05
8.812360128812342776e-05
7.207575413123005776e-04
1.056126870539638563e-04
1.208910654429592200e-05
1.954140746665439157e-03
9.385250193275066670e-04
2.024899771303654769e-03
3.799639419141111413e-05
3.795814626032486307e-06
3.267141150070572387e-04
3.694859894227507935e-01
4.949164690858210520e-04
2.100577635367514417e-03
1.176061213830329095e-04
3.116789920164169704e-03
4.772613808169060955e-04
5.482926932062589300e-06
8.649756769702363025e-04
3.917101480180479886e-04
1.913260105377664671e-03
5.528591950693657713e-04
8.020506166289659939e-05
4.728466198228563491e-05
1.020575948344834005e-01
3.641426086176001164e-01
1.265413177925820976e-01
9.131477438708363037e-02
8.001104194257892266e-02
1.046336020417085039e-01
1.139168465158659216e-01
4.291239444306340634e-01
7.328326290125101172e-01
2.919669029437728103e-01
2.902722298119974065e-01
1.867324110226580847e-01
3.469352929190001045e-01
7.806219519507787141e-02
1.788873601203578578e-01
1.100213735734812959e-01
1.743888137527775661e-01
3.141351614138242210e-02
1.725335601846186839e-01
7.494244349721630449e-01
3.024539883202568280e-01
2.233243970099185460e-01
7.111119436422698448e-02
7.000160455584664154e-02
8.364939130926578315e-02
2.492345367730819938e-01
4.763630258083819680e-01
2.182407997310951142e-01
9.488523407034230028e-02
1.817379545293449083e-01
1.170409045147827454e-01
2.075598533895451070e-01
1.494899155950390468e-01
3.571412249370594649e-01
2.715882821856346330e-01
7.969781446150255022e-02
2.113117411163666637e-01
3.584261643973270517e-01
5.265670067199287319e-01
1.973997422235458099e-01
1.554033442871735338e-01
3.501624702538978506e-01
3.716286776837445655e-02
1.519397363372907706e-01
1.880436361178818294e-01
2.861990875270918888e-01
1.126555746110168288e-01
5.521843417629101330e-02
3.360096224523127506e-01
4.624301657009670385e-02
2.788676265653493025e-01
6.244852830364750612e-02
4.073619132307130380e-02
3.602895253927145824e-01
4.888538172768006618e-01
1.193190789527630857e-01
3.086590066071636662e-01
1.850835588445706448e-01
1.489438344174802420e-01
1.328900956660749311e-01
9.755393358985837982e-02
2.239638088042867070e-01
