1.200557056175940670e+07
2.830573259905821178e+06
2.053063779682002589e+07
1.606588309856391046e+06
4.786358455274820444e+05
5.704624040075961500e+06
6.889627859713037033e+05
4.824522281839684001e+05
1.908228865519812796e+06
1.133679806668208766e+05
4.192318482081822120e+06
4.966049082378977910e+05
4.190577525920540560e+06
1.848035756474932656e+06
1.463987777508533618e+05
1.168256527256580535e+06
1.590075532569925999e+06
3.150924226224265527e+06
4.079572853359939763e+05
1.231462339186282916e+05
2.118407301547723357e+06
1.182378054249026318e+05
1.183780120079682674e+06
4.788039860999974422e+06
5.789480905135058565e+05
9.576681400559777394e+06
4.096804445723474491e+05
1.099454547578375787e+06
1.744684816023990279e+06
1.470807622154879849e+06
4.951986291561112739e+05
3.469487787130458280e+06
5.676453540658349171e+06
2.496662225731787831e+07
4.651914691991516738e+05
1.463064895478406176e+07
7.776520940622125054e+05
1.288958443510591052e+06
4.543505907380374265e+05
1.017536641495080292e+07
2.685126689248687122e+06
7.236468255442854948e+06
4.601919592865245650e+05
2.037469203153768904e+05
3.453334012160294689e+06
1.084923645730698854e+07
6.564083364691071212e+06
3.445810759647044470e+05
9.953726478624537122e+05
1.477911102044043597e+06
1.528103183093548985e+06
2.279679143099460925e+05
4.057481149336972740e+06
2.185648010316371510e+05
2.127842821213253308e+06
3.524435182048995630e+05
5.847325426497634500e+06
4.575040005804275163e+06
2.960225465639280621e+06
6.967064331597085111e+05
1.098475231295238249e+07
4.080330814822982531e+06
3.986049421691305004e+06
3.188783698515828582e+05
3.458118616078550112e+05
2.808479201766619924e+06
3.830225547650133376e+05
1.382963096352813020e+07
6.571052351821097545e+05
9.053388143148499075e+05
2.675977913609865936e+05
2.525929259428701480e+05
3.449420588903893949e+05
1.607150000174739398e+06
7.998787411631281720e+05
1.960578506234103115e+06
8.546277526894222246e+05
1.070551358163695410e+07
1.948051646582543384e+06
3.754525865625744686e+06
2.220062431201240513e+06
7.460711062905497849e+06
4.392709952649544924e+06
8.100075580783517100e+06
3.010194819752164185e+06
3.101763889072985621e+05
4.325084873842733214e+05
9.321525299521329580e+05
4.434924668354970054e+05
1.482769674809862627e+06
8.789996292471087072e+05
2.237783499606454279e+06
2.913796351567668375e+06
2.158089327565647545e+05
2.969828045003148145e+05
1.970385609006652958e+05
4.728410007399057038e+06
1.979970303322406951e+06
1.152841980989055708e+06
5.435066883301950293e+05
1.659824444988815580e+06
3.155994837030188064e+05
3.472278599672010751e+05
5.756407476037302054e+06
6.790683794365654700e+06
1.080374210899973754e+06
2.615322963193969801e+06
2.730536530107574072e+06
2.601932779472912953e+05
6.459194588547871681e+05
6.699041107281478122e+06
3.389485138501907350e+05
8.309573686713153496e+06
3.907851570522900671e+06
1.556010252831892576e+06
7.607416602681271033e+05
5.325412825800551800e+05
2.419902251709579956e+06
3.747818673897976987e+06
1.439124471965879900e+06
8.534498543319111690e+06
1.468252368405212648e+06
3.825321111822372302e+06
1.700244078013817489e+05
7.238207322453012457e+05
3.115976069289915264e+06
2.617546303109532746e+05
7.606744298350718804e+06
1.574150754599232459e+06
1.604335937523348955e+06
7.581123783173422562e+05
9.451277938078220934e+06
1.160379207114109211e+07
1.817183258307175420e+05
1.530421705233619141e+05
7.232289811448795954e+05
1.108081625330435485e+07
1.406107801858190505e+05
2.084649681583077181e+05
4.757221607658072026e+05
4.300778812084892765e+06
2.674221670349628199e+06
2.653339889868854661e+05
3.634958833163837553e+05
5.174095174013579264e+06
1.337482106605139270e+05
2.413339757376448251e+05
3.474404853354162537e+06
1.905615055211640138e+05
1.563557324923317938e+05
3.702517849200726487e+05
1.343095857738206105e+05
2.401047855764185952e+05
1.259929721885477426e+06
8.208994301876073703e+06
7.418383168286063010e+05
9.062244520963484421e+06
5.473689824638180435e+06
3.092617909393363167e+06
1.036065329101436771e+07
1.974623101362659130e+06
1.461137872254583240e+07
5.369745771535379812e+06
5.574518350810770644e+05
1.031528793446766795e+06
1.835636023956913501e+07
6.598339127598554478e+04
2.303349387059933506e+06
1.118909533195947530e+06
4.045443142979174387e+06
1.157273121982004959e+06
1.377442507795015816e+06
3.982205668070217595e+06
1.278513289054622408e+06
5.428650966389551759e+06
5.490425389825524762e+06
1.506804141838501953e+07
4.159480317726571811e+05
5.511215710582839092e+05
2.270652375662898645e+06
2.109022243060063105e+06
1.902563756818721595e+05
3.337571506064856425e+06
1.027741594832633389e+06
8.822266181317245588e+06
3.704526698773862445e+05
3.313765262229462713e+07
5.372825627467501909e+05
2.769918931408000365e+07
1.133331733681458980e+06
2.084684279623429291e+06
3.286916885587555356e+06
3.829193769053435535e+05
1.150916553338648751e+06
6.972535531568506267e+05
5.107232153401374235e+05
9.407870761793414131e+06
3.055726677537066280e+05
4.350320223012154922e+06
3.139596140000908636e+05
6.134011682912857505e+05
2.071475917798982933e+07
4.362503270274238661e+06
7.369153675120823027e+04
1.566893009086550213e+07
4.429133250471961801e+05
1.968788511610773578e+07
5.697242088444261812e+06
1.225839589460408781e+06
1.558599560520393215e+07
1.821047405914960662e+06
1.797555614533043234e+06
1.044098286612386117e+06
4.722541926500220434e+05
1.787731379199807416e+05
8.154130458624587627e+05
1.519385295165863447e+07
3.139938112110356800e+06
1.958956663293943857e+05
1.226690317322756164e+06
8.752491947380689904e+06
8.847805262202812359e+06
5.683683501019908581e+05
3.348159680736751179e+05
9.110004879559744149e+06
1.806172423697910563e+05
4.498542617687361315e+06
2.720558847894265782e+05
2.253439322883370332e+06
1.806792671480317134e+06
1.116623715496103250e+05
1.322915399485001399e+05
2.600133305294871796e+06
6.821589666024580598e+06
5.022426182879720815e+06
1.636210932708933949e+07
3.604232622402594425e+05
1.368144806476245867e+06
2.579942712579775543e+05
5.624817044775186805e+05
3.173562755520442151e+05
9.583866672105640173e+05
2.181424827466666233e+06
6.549107942006366793e+05
1.331348522368514352e+07
5.726452832293941639e+06
1.160326260006101243e+07
1.426238634513077268e+05
4.015289823176614009e+05
3.277783884751868434e+06
